-1.2425,       0
-1.2299,       0
-1.2173,       0
-1.2047,       0
-1.1921,       0
-1.1795,       0
-1.1669,       0
-1.1543,       0
-1.1417,       0
-1.1291,       0
-1.1165,       0
-1.1039,       0
-1.0914,       0
-1.0788,       0
-1.0662,       0
-1.0536,       0
-1.0410,       0
-1.0284,       0
-1.0158,       0
-1.0032,       0
-0.9906,       0
-0.9780,       0
-0.9654,       0
-0.9528,       0
-0.9402,       0
-0.9276,       0
-0.9150,       0
-0.9024,       0
-0.8898,       0
-0.8772,       0
-0.8646,       0
-0.8520,       0
-0.8394,       0
-0.8269,       0
-0.8143,       0
-0.8017,       0
-0.7891,       0
-0.7765,       0
-0.7639,       0
-0.7513,       0
-0.7387,       0
-0.7261,       0
-0.7135,       0
-0.7009,       0
-0.6883,       0
-0.6757,       0
-0.6631,       0
-0.6505,       0
-0.6379,       0
-0.6253,       0
-0.6127,       0
-0.6001,       0
-0.5875,       0
-0.5749,       0
-0.5624,       0
-0.5498,       0
-0.5372,       0
-0.5246,       0
-0.5120,       0
-0.4994,       0
-0.4868,       0
-0.4742,       0
-0.4616,       0
-0.4490,       0
-0.4364,       0
-0.4238,       0
-0.4112,       0
-0.3986,       0
-0.3860,       0
-0.3734,       0
-0.3608,       0
-0.3482,       0
-0.3356,       0
-0.3230,       0
-0.3104,       0
-0.2979,       0
-0.2853,       0
-0.2727,       0
-0.2601,       0
-0.2475,       0
-0.2349,       0
-0.2223,       0
-0.2097,       0
-0.1971,       0
-0.1845,       0
-0.1719,       0
-0.1593,       1
-0.1467,       5
-0.1341,      14
-0.1215,      54
-0.1089,     127
-0.0963,     259
-0.0837,     477
-0.0711,     763
-0.0585,    1123
-0.0459,    1274
-0.0334,    1424
-0.0208,    1350
-0.0082,    1130
 0.0044,     831
 0.0170,     489
 0.0296,     279
 0.0422,     107
 0.0548,      50
 0.0674,      22
 0.0800,       2
 0.0926,       1
 0.1052,       1
 0.1178,       1
 0.1304,       0
 0.1430,       0
 0.1556,       0
 0.1682,       0
 0.1808,       0
 0.1934,       0
 0.2060,       0
 0.2186,       0
 0.2312,       0
 0.2437,       0
 0.2563,       1
 0.2689,       0
 0.2815,       0
 0.2941,       0
 0.3067,       0
 0.3193,       3
 0.3319,       6
 0.3445,       7
 0.3571,       6
 0.3697,       3
 0.3823,       8
 0.3949,      10
 0.4075,       6
 0.4201,       8
 0.4327,       8
 0.4453,       3
 0.4579,       8
 0.4705,       9
 0.4831,       6
 0.4957,       2
 0.5082,       8
 0.5208,       7
 0.5334,       8
 0.5460,       6
 0.5586,       7
 0.5712,       7
 0.5838,       5
 0.5964,       6
 0.6090,      10
 0.6216,       5
 0.6342,       3
 0.6468,       8
 0.6594,       4
 0.6720,       3
 0.6846,       3
 0.6972,       4
 0.7098,       4
 0.7224,       4
 0.7350,       4
 0.7476,       9
 0.7602,       7
 0.7727,       4
 0.7853,       3
 0.7979,       5
 0.8105,       3
 0.8231,       1
 0.8357,       1
 0.8483,       3
 0.8609,       5
 0.8735,       1
 0.8861,       6
 0.8987,       3
 0.9113,       3
 0.9239,       6
 0.9365,       3
 0.9491,       5
 0.9617,       3
 0.9743,      10
 0.9869,       5
 0.9995,       4
 1.0121,       2
 1.0247,       4
 1.0372,       7
 1.0498,       3
 1.0624,       3
 1.0750,       4
 1.0876,       5
 1.1002,       3
 1.1128,       9
 1.1254,       1
 1.1380,       4
 1.1506,       3
 1.1632,       4
 1.1758,       5
 1.1884,       1
 1.2010,       1
 1.2136,       2
 1.2262,       3
 1.2388,       3
 1.2514,       5
 1.2640,       5
 1.2766,       3
 1.2892,       1
 1.3018,       5
 1.3143,       2
 1.3269,       1
 1.3395,       8
 1.3521,       2
 1.3647,       4
 1.3773,       4
 1.3899,       0
 1.4025,       6
 1.4151,       4
 1.4277,       6
 1.4403,       3
 1.4529,       1
 1.4655,       5
 1.4781,       2
 1.4907,       5
 1.5033,       2
 1.5159,       3
 1.5285,       5
 1.5411,       3
 1.5537,       2
 1.5663,       4
 1.5788,       3
 1.5914,       5
 1.6040,       5
 1.6166,       5
 1.6292,       4
 1.6418,       7
 1.6544,       4
 1.6670,       2
 1.6796,       4
 1.6922,       4
 1.7048,       3
 1.7174,       5
 1.7300,       3
 1.7426,       4
 1.7552,       3
 1.7678,       4
 1.7804,       4
 1.7930,       3
 1.8056,       3
 1.8182,       1
 1.8308,       3
 1.8433,       0
 1.8559,       3
 1.8685,       4
 1.8811,       6
 1.8937,       5
 1.9063,       2
 1.9189,       2
 1.9315,       5
 1.9441,       4
 1.9567,       2
 1.9693,       4
 1.9819,       3
 1.9945,       6
 2.0071,       3
 2.0197,       2
 2.0323,       2
 2.0449,       3
 2.0575,       3
 2.0701,       4
 2.0827,       2
 2.0953,       1
 2.1078,       2
 2.1204,       0
 2.1330,       2
 2.1456,       5
 2.1582,       2
 2.1708,       2
 2.1834,       5
 2.1960,       2
 2.2086,       0
 2.2212,       2
 2.2338,       5
 2.2464,       5
 2.2590,       4
 2.2716,       6
 2.2842,       2
 2.2968,       4
 2.3094,       2
 2.3220,       3
 2.3346,       4
 2.3472,       4
 2.3598,       1
 2.3723,       3
 2.3849,       4
 2.3975,       5
 2.4101,       4
 2.4227,       4
 2.4353,       4
 2.4479,       2
 2.4605,       5
 2.4731,       5
 2.4857,       2
 2.4983,       2
 2.5109,       4
 2.5235,       4
 2.5361,       2
 2.5487,       4
 2.5613,       6
 2.5739,       6
 2.5865,       5
 2.5991,      10
 2.6117,       8
 2.6243,       4
 2.6369,       9
 2.6494,       5
 2.6620,       9
 2.6746,       2
 2.6872,       2
 2.6998,       5
 2.7124,       4
 2.7250,       2
 2.7376,       6
 2.7502,       3
 2.7628,       5
 2.7754,       4
 2.7880,       5
 2.8006,       4
 2.8132,       5
 2.8258,       5
 2.8384,       3
 2.8510,       3
 2.8636,       0
 2.8762,       5
 2.8888,       4
 2.9014,       5
 2.9139,      12
 2.9265,       8
 2.9391,       7
 2.9517,       8
 2.9643,       1
 2.9769,       6
 2.9895,       5
 3.0021,       6
 3.0147,       4
 3.0273,       5
 3.0399,       5
 3.0525,       9
 3.0651,       6
 3.0777,       4
 3.0903,       2
 3.1029,       5
 3.1155,       6
 3.1281,       2
 3.1407,       7
 3.1533,       6
 3.1659,       6
 3.1784,       2
 3.1910,       1
 3.2036,       3
 3.2162,       4
 3.2288,       2
 3.2414,       2
 3.2540,       5
 3.2666,       2
 3.2792,       2
 3.2918,       3
 3.3044,       5
 3.3170,       7
 3.3296,       6
 3.3422,       7
 3.3548,       6
 3.3674,       8
 3.3800,       6
 3.3926,       7
 3.4052,      12
 3.4178,      12
 3.4304,      15
 3.4429,       7
 3.4555,      10
 3.4681,       7
 3.4807,       6
 3.4933,       6
 3.5059,       6
 3.5185,       5
 3.5311,       5
 3.5437,       8
 3.5563,       5
 3.5689,       9
 3.5815,       2
 3.5941,       8
 3.6067,       6
 3.6193,      12
 3.6319,       9
 3.6445,      14
 3.6571,      15
 3.6697,       9
 3.6823,       8
 3.6949,       6
 3.7074,      12
 3.7200,      13
 3.7326,      13
 3.7452,       7
 3.7578,       3
 3.7704,       9
 3.7830,       2
 3.7956,       7
 3.8082,       2
 3.8208,       8
 3.8334,       6
 3.8460,       2
 3.8586,       6
 3.8712,       1
 3.8838,       9
 3.8964,       6
 3.9090,       4
 3.9216,       9
 3.9342,       1
 3.9468,       3
 3.9594,       5
 3.9720,       4
 3.9845,       8
 3.9971,       1
 4.0097,       0
 4.0223,       2
 4.0349,       2
 4.0475,       3
 4.0601,       2
 4.0727,       2
 4.0853,       1
 4.0979,       6
 4.1105,       2
 4.1231,       5
 4.1357,       5
 4.1483,       4
 4.1609,       1
 4.1735,       5
 4.1861,       4
 4.1987,       3
 4.2113,       8
 4.2239,       4
 4.2365,       2
 4.2490,       2
 4.2616,       0
 4.2742,       0
 4.2868,       4
 4.2994,       1
 4.3120,       2
 4.3246,       1
 4.3372,       2
 4.3498,       3
 4.3624,       3
 4.3750,       1
 4.3876,       1
 4.4002,       2
 4.4128,       3
 4.4254,       2
 4.4380,       1
 4.4506,       2
 4.4632,       3
 4.4758,       8
 4.4884,       1
 4.5010,       3
 4.5135,       3
 4.5261,       4
 4.5387,       4
 4.5513,       2
 4.5639,       2
 4.5765,       2
 4.5891,       3
 4.6017,       1
 4.6143,       3
 4.6269,       4
 4.6395,       2
 4.6521,       3
 4.6647,       2
 4.6773,       3
 4.6899,       2
 4.7025,       2
 4.7151,       5
 4.7277,       6
 4.7403,       1
 4.7529,       2
 4.7655,       2
 4.7780,       3
 4.7906,       2
 4.8032,       2
 4.8158,       5
 4.8284,       3
 4.8410,       2
 4.8536,       0
 4.8662,       5
 4.8788,       2
 4.8914,       1
 4.9040,       3
 4.9166,       2
 4.9292,       2
 4.9418,       1
 4.9544,       0
 4.9670,       3
 4.9796,       1
 4.9922,       0
 5.0048,       4
 5.0174,       4
 5.0300,       2
 5.0426,       1
 5.0551,       2
 5.0677,       1
 5.0803,       2
 5.0929,       2
 5.1055,       3
 5.1181,       3
 5.1307,       2
 5.1433,       1
 5.1559,       2
 5.1685,       3
 5.1811,       5
 5.1937,       2
 5.2063,       3
 5.2189,       1
 5.2315,       2
 5.2441,       3
 5.2567,       5
 5.2693,       4
 5.2819,       4
 5.2945,       8
 5.3071,       1
 5.3196,       4
 5.3322,       5
 5.3448,       5
 5.3574,       5
 5.3700,       7
 5.3826,       4
 5.3952,       5
 5.4078,       5
 5.4204,       3
 5.4330,       6
 5.4456,       5
 5.4582,       6
 5.4708,       5
 5.4834,       2
 5.4960,       1
 5.5086,       5
 5.5212,       4
 5.5338,       2
 5.5464,       5
 5.5590,       5
 5.5716,       7
 5.5841,       4
 5.5967,       2
 5.6093,       5
 5.6219,       2
 5.6345,       6
 5.6471,       7
 5.6597,       2
 5.6723,       4
 5.6849,       4
 5.6975,       2
 5.7101,       4
 5.7227,       2
 5.7353,       2
 5.7479,       4
 5.7605,       4
 5.7731,       6
 5.7857,       4
 5.7983,       2
 5.8109,       3
 5.8235,       6
 5.8361,       2
 5.8486,       2
 5.8612,       4
 5.8738,       5
 5.8864,       8
 5.8990,       3
 5.9116,       4
 5.9242,       3
 5.9368,       6
 5.9494,       5
 5.9620,       5
 5.9746,       4
 5.9872,       5
 5.9998,       2
 6.0124,       5
 6.0250,       4
 6.0376,       5
 6.0502,       5
 6.0628,       5
 6.0754,       7
 6.0880,       2
 6.1006,       4
 6.1131,       7
 6.1257,       2
 6.1383,       6
 6.1509,       4
 6.1635,       7
 6.1761,       7
 6.1887,       7
 6.2013,       5
 6.2139,       2
 6.2265,      15
 6.2391,      12
 6.2517,      11
 6.2643,      13
 6.2769,      18
 6.2895,      16
 6.3021,      19
 6.3147,      17
 6.3273,      25
 6.3399,      10
 6.3525,      14
 6.3651,      12
 6.3777,      13
 6.3902,      16
 6.4028,      10
 6.4154,      17
 6.4280,      17
 6.4406,      11
 6.4532,      11
 6.4658,       8
 6.4784,      12
 6.4910,       6
 6.5036,      12
 6.5162,      11
 6.5288,       4
 6.5414,       6
 6.5540,       9
 6.5666,       6
 6.5792,       6
 6.5918,       7
 6.6044,       7
 6.6170,       6
 6.6296,       8
 6.6422,       8
 6.6547,       9
 6.6673,       9
 6.6799,       6
 6.6925,       2
 6.7051,       5
 6.7177,       7
 6.7303,       5
 6.7429,       8
 6.7555,       2
 6.7681,       6
 6.7807,       8
 6.7933,       6
 6.8059,       4
 6.8185,       7
 6.8311,       6
 6.8437,       7
 6.8563,       3
 6.8689,       6
 6.8815,       3
 6.8941,      10
 6.9067,       9
 6.9192,       5
 6.9318,       8
 6.9444,       8
 6.9570,      12
 6.9696,       8
 6.9822,       9
 6.9948,       5
 7.0074,       8
 7.0200,       7
 7.0326,      11
 7.0452,       9
 7.0578,      10
 7.0704,      12
 7.0830,       8
 7.0956,       9
 7.1082,       5
 7.1208,       8
 7.1334,       6
 7.1460,       9
 7.1586,      16
 7.1712,      10
 7.1837,       8
 7.1963,       3
 7.2089,       5
 7.2215,       8
 7.2341,      12
 7.2467,       8
 7.2593,      12
 7.2719,       8
 7.2845,       6
 7.2971,       7
 7.3097,      13
 7.3223,       3
 7.3349,       8
 7.3475,      11
 7.3601,       9
 7.3727,       9
 7.3853,       9
 7.3979,       8
 7.4105,      12
 7.4231,      13
 7.4357,      11
 7.4483,      15
 7.4608,      15
 7.4734,      12
 7.4860,      18
 7.4986,       8
 7.5112,       8
 7.5238,      15
 7.5364,      11
 7.5490,      14
 7.5616,      18
 7.5742,      12
 7.5868,      14
 7.5994,      13
 7.6120,      16
 7.6246,      13
 7.6372,      18
 7.6498,      12
 7.6624,      17
 7.6750,      14
 7.6876,      15
 7.7002,      17
 7.7128,      18
 7.7253,      16
 7.7379,      19
 7.7505,      26
 7.7631,      29
 7.7757,      19
 7.7883,      22
 7.8009,      46
 7.8135,      45
 7.8261,      69
 7.8387,      89
 7.8513,     105
 7.8639,     144
 7.8765,     203
 7.8891,     316
 7.9017,     476
 7.9143,     600
 7.9269,     832
 7.9395,    1130
 7.9521,    1480
 7.9647,    1851
 7.9773,    2294
 7.9898,    2624
 8.0024,    3053
 8.0150,    3443
 8.0276,    3569
 8.0402,    3630
 8.0528,    3543
 8.0654,    3432
 8.0780,    3257
 8.0906,    2975
 8.1032,    2507
 8.1158,    2065
 8.1284,    1715
 8.1410,    1412
 8.1536,    1028
 8.1662,     790
 8.1788,     501
 8.1914,     377
 8.2040,     276
 8.2166,     174
 8.2292,     115
 8.2418,      77
 8.2543,      61
 8.2669,      40
 8.2795,      24
 8.2921,      14
 8.3047,       9
 8.3173,       8
 8.3299,      17
 8.3425,       9
 8.3551,      12
 8.3677,      10
 8.3803,      14
 8.3929,      12
 8.4055,       7
 8.4181,      10
 8.4307,       9
 8.4433,      15
 8.4559,      11
 8.4685,      12
 8.4811,      13
 8.4937,      11
 8.5063,       8
 8.5188,       8
 8.5314,      10
 8.5440,      22
 8.5566,      17
 8.5692,      17
 8.5818,      15
 8.5944,      29
 8.6070,      22
 8.6196,      26
 8.6322,      19
 8.6448,      32
 8.6574,      27
 8.6700,      17
 8.6826,      26
 8.6952,      30
 8.7078,      38
 8.7204,      39
 8.7330,      54
 8.7456,      47
 8.7582,      86
 8.7708,      95
 8.7834,     132
 8.7959,     166
 8.8085,     226
 8.8211,     238
 8.8337,     321
 8.8463,     365
 8.8589,     352
 8.8715,     421
 8.8841,     489
 8.8967,     530
 8.9093,     544
 8.9219,     518
 8.9345,     480
 8.9471,     448
 8.9597,     429
 8.9723,     331
 8.9849,     306
 8.9975,     264
 9.0101,     211
 9.0227,     173
 9.0353,     107
 9.0479,      87
 9.0604,      58
 9.0730,      38
 9.0856,      29
 9.0982,      14
 9.1108,      16
 9.1234,       7
 9.1360,       3
 9.1486,       2
 9.1612,       4
 9.1738,       2
 9.1864,       1
 9.1990,       2
 9.2116,       1
 9.2242,       2
 9.2368,       0
 9.2494,       3
 9.2620,       0
 9.2746,       1
 9.2872,       0
 9.2998,       0
 9.3124,       3
 9.3249,       0
 9.3375,       0
 9.3501,       2
 9.3627,       1
 9.3753,       3
 9.3879,       1
 9.4005,       0
 9.4131,       0
 9.4257,       2
 9.4383,       1
 9.4509,       0
 9.4635,       0
 9.4761,       2
 9.4887,       1
 9.5013,       1
 9.5139,       3
 9.5265,       2
 9.5391,       0
 9.5517,       1
 9.5643,       3
 9.5769,       2
 9.5894,       3
 9.6020,       1
 9.6146,       2
 9.6272,       0
 9.6398,       1
 9.6524,       2
 9.6650,       0
 9.6776,       0
 9.6902,       1
 9.7028,       1
 9.7154,       1
 9.7280,       3
 9.7406,       1
 9.7532,       1
 9.7658,       2
 9.7784,       1
 9.7910,       1
 9.8036,       1
 9.8162,       0
 9.8288,       0
 9.8414,       0
 9.8540,       0
 9.8665,       1
 9.8791,       2
 9.8917,       1
 9.9043,       3
 9.9169,       3
 9.9295,       2
 9.9421,       1
 9.9547,       0
 9.9673,       0
 9.9799,       2
 9.9925,       1
10.0051,       0
10.0177,       2
10.0303,       1
10.0429,       0
10.0555,       2
10.0681,       0
10.0807,       0
10.0933,       0
10.1059,       0
10.1185,       1
10.1310,       0
10.1436,       5
10.1562,       1
10.1688,       1
10.1814,       1
10.1940,       0
10.2066,       0
10.2192,       3
10.2318,       0
10.2444,       2
10.2570,       1
10.2696,       1
10.2822,       2
10.2948,       0
10.3074,       1
10.3200,       2
10.3326,       1
10.3452,       0
10.3578,       3
10.3704,       2
10.3830,       1
10.3955,       4
10.4081,       2
10.4207,       1
10.4333,       3
10.4459,       3
10.4585,       4
10.4711,       8
10.4837,       6
10.4963,       9
10.5089,       7
10.5215,      13
10.5341,      15
10.5467,      12
10.5593,      13
10.5719,      12
10.5845,      12
10.5971,       8
10.6097,      15
10.6223,      14
10.6349,       8
10.6475,       9
10.6600,       6
10.6726,       4
10.6852,       8
10.6978,       5
10.7104,       5
10.7230,       2
10.7356,       1
10.7482,       1
10.7608,       1
10.7734,       0
10.7860,       0
10.7986,       0
10.8112,       0
10.8238,       2
10.8364,       0
10.8490,       2
10.8616,       2
10.8742,       2
10.8868,       0
10.8994,       0
10.9120,       0
10.9245,       0
10.9371,       1
10.9497,       2
10.9623,       0
10.9749,       2
10.9875,       1
11.0001,       0
11.0127,       1
11.0253,       0
11.0379,       5
11.0505,       1
11.0631,       3
11.0757,       4
11.0883,       3
11.1009,       5
11.1135,       3
11.1261,       1
11.1387,       3
11.1513,       7
11.1639,       5
11.1765,       6
11.1891,       7
11.2016,       8
11.2142,       5
11.2268,       3
11.2394,       7
11.2520,       4
11.2646,       5
11.2772,       5
11.2898,       9
11.3024,       5
11.3150,       2
11.3276,       1
11.3402,       1
11.3528,       2
11.3654,       2
11.3780,       2
11.3906,       2
11.4032,       4
11.4158,       1
11.4284,       0
11.4410,       1
11.4536,       2
11.4661,       0
11.4787,       0
11.4913,       3
11.5039,       2
11.5165,       3
11.5291,       0
11.5417,       0
11.5543,       0
11.5669,       0
11.5795,       1
11.5921,       0
11.6047,       0
11.6173,       0
11.6299,       1
11.6425,       1
11.6551,       2
11.6677,       1
11.6803,       1
11.6929,       0
11.7055,       2
11.7181,       0
11.7306,       1
11.7432,       1
11.7558,       0
11.7684,       2
11.7810,       0
11.7936,       3
11.8062,       1
11.8188,       3
11.8314,       0
11.8440,       2
11.8566,       0
11.8692,       0
11.8818,       0
11.8944,       3
11.9070,       0
11.9196,       1
11.9322,       1
11.9448,       1
11.9574,       1
11.9700,       0
11.9826,       1
11.9951,       0
12.0077,       0
12.0203,       0
12.0329,       0
12.0455,       1
12.0581,       3
12.0707,       1
12.0833,       1
12.0959,       1
12.1085,       0
12.1211,       1
12.1337,       4
12.1463,       0
12.1589,       2
12.1715,       1
12.1841,       0
12.1967,       0
12.2093,       2
12.2219,       5
12.2345,       0
12.2471,       1
12.2597,       4
12.2722,       2
12.2848,       0
12.2974,       2
12.3100,       1
12.3226,       2
12.3352,       0
12.3478,       0
12.3604,       3
12.3730,       1
12.3856,       0
12.3982,       4
12.4108,       0
12.4234,       2
12.4360,       4
12.4486,       2
12.4612,       3
12.4738,       5
12.4864,       2
12.4990,       2
12.5116,       2
12.5242,       5
12.5367,       5
12.5493,       5
12.5619,       9
12.5745,      10
12.5871,      11
12.5997,       8
12.6123,       6
12.6249,       9
12.6375,       9
12.6501,      11
12.6627,      10
12.6753,       9
12.6879,       8
12.7005,       4
12.7131,       6
12.7257,       5
12.7383,       1
12.7509,       7
12.7635,       3
12.7761,       2
12.7887,       3
12.8012,       1
12.8138,       0
12.8264,       3
12.8390,       3
12.8516,       2
12.8642,       2
12.8768,       1
12.8894,       2
12.9020,       0
12.9146,       0
12.9272,       2
12.9398,       1
12.9524,       1
12.9650,       0
12.9776,       2
12.9902,       0
13.0028,       1
13.0154,       3
13.0280,       1
13.0406,       0
13.0532,       0
13.0657,       2
13.0783,       3
13.0909,       1
13.1035,       0
13.1161,       0
13.1287,       4
13.1413,       0
13.1539,       0
13.1665,       0
13.1791,       1
13.1917,       0
13.2043,       1
13.2169,       1
13.2295,       1
13.2421,       0
13.2547,       0
13.2673,       0
13.2799,       0
13.2925,       0
13.3051,       1
13.3177,       0
13.3302,       1
13.3428,       0
13.3554,       1
13.3680,       2
13.3806,       0
13.3932,       0
13.4058,       1
13.4184,       1
13.4310,       0
13.4436,       1
13.4562,       2
13.4688,       2
13.4814,       0
13.4940,       1
13.5066,       0
13.5192,       0
13.5318,       1
13.5444,       0
13.5570,       2
13.5696,       0
13.5822,       0
13.5948,       0
13.6073,       1
13.6199,       0
13.6325,       0
13.6451,       0
13.6577,       0
13.6703,       0
13.6829,       2
13.6955,       1
13.7081,       1
13.7207,       1
13.7333,       1
13.7459,       1
13.7585,       0
13.7711,       0
13.7837,       1
13.7963,       1
13.8089,       3
13.8215,       1
13.8341,       1
13.8467,       2
13.8593,       1
13.8718,       1
13.8844,       0
13.8970,       0
13.9096,       1
13.9222,       1
13.9348,       0
13.9474,       1
13.9600,       1
13.9726,       1
13.9852,       1
13.9978,       0
14.0104,       1
14.0230,       1
14.0356,       1
14.0482,       0
14.0608,       0
14.0734,       1
14.0860,       0
14.0986,       0
14.1112,       1
14.1238,       1
14.1363,       2
14.1489,       0
14.1615,       0
14.1741,       2
14.1867,       1
14.1993,       1
14.2119,       1
14.2245,       0
14.2371,       3
14.2497,       0
14.2623,       0
14.2749,       0
14.2875,       1
14.3001,       2
14.3127,       1
14.3253,       0
14.3379,       1
14.3505,       0
14.3631,       2
14.3757,       1
14.3883,       0
14.4008,       1
14.4134,       0
14.4260,       2
14.4386,       0
14.4512,       0
14.4638,       0
14.4764,       3
14.4890,       0
14.5016,       0
14.5142,       1
14.5268,       2
14.5394,       2
14.5520,       2
14.5646,       1
14.5772,       0
14.5898,       0
14.6024,       1
14.6150,       1
14.6276,       4
14.6402,       0
14.6528,       0
14.6654,       0
14.6779,       0
14.6905,       1
14.7031,       1
14.7157,       2
14.7283,       0
14.7409,       2
14.7535,       1
14.7661,       2
14.7787,       0
14.7913,       0
14.8039,       4
14.8165,       0
14.8291,       6
14.8417,       2
14.8543,       1
14.8669,       1
14.8795,       1
14.8921,       1
14.9047,       1
14.9173,       3
14.9299,       1
14.9424,       0
14.9550,       0
14.9676,       2
14.9802,       1
14.9928,       1
15.0054,       1
15.0180,       0
15.0306,       1
15.0432,       1
15.0558,       0
15.0684,       2
15.0810,       1
15.0936,       1
15.1062,       1
15.1188,       0
15.1314,       1
15.1440,       1
15.1566,       1
15.1692,       0
15.1818,       0
15.1944,       3
15.2069,       4
15.2195,       0
15.2321,       0
15.2447,       2
15.2573,       0
15.2699,       1
15.2825,       3
15.2951,       1
15.3077,       0
15.3203,       0
15.3329,       1
15.3455,       0
15.3581,       4
15.3707,       0
15.3833,       1
15.3959,       1
15.4085,       4
15.4211,       0
15.4337,       0
15.4463,       1
15.4589,       0
15.4714,       0
15.4840,       0
15.4966,       1
15.5092,       1
15.5218,       0
15.5344,       2
15.5470,       0
15.5596,       0
15.5722,       0
15.5848,       0
15.5974,       1
15.6100,       2
15.6226,       1
15.6352,       0
15.6478,       1
15.6604,       0
15.6730,       2
15.6856,       2
15.6982,       0
15.7108,       0
15.7234,       1
15.7359,       0
15.7485,       2
15.7611,       2
15.7737,       2
15.7863,       2
15.7989,       0
15.8115,       1
15.8241,       1
15.8367,       1
15.8493,       1
15.8619,       2
15.8745,       4
15.8871,       4
15.8997,       2
15.9123,       1
15.9249,       7
15.9375,       3
15.9501,       6
15.9627,      11
15.9753,       7
15.9879,       9
16.0005,      14
16.0130,      15
16.0256,      13
16.0382,      11
16.0508,      20
16.0634,      15
16.0760,      15
16.0886,      10
16.1012,      21
16.1138,      21
16.1264,      17
16.1390,      16
16.1516,       8
16.1642,      13
16.1768,      11
16.1894,      10
16.2020,       4
16.2146,       5
16.2272,       6
16.2398,       1
16.2524,       2
16.2650,       4
16.2775,       3
16.2901,       3
16.3027,       1
16.3153,       2
16.3279,       0
16.3405,       0
16.3531,       1
16.3657,       0
16.3783,       1
16.3909,       1
16.4035,       0
16.4161,       0
16.4287,       1
16.4413,       2
16.4539,       0
16.4665,       1
16.4791,       2
16.4917,       0
16.5043,       1
16.5169,       0
16.5295,       1
16.5420,       1
16.5546,       2
16.5672,       1
16.5798,       0
16.5924,       0
16.6050,       0
16.6176,       0
16.6302,       1
16.6428,       1
16.6554,       1
16.6680,       1
16.6806,       1
16.6932,       3
16.7058,       0
16.7184,       1
16.7310,       1
16.7436,       1
16.7562,       1
16.7688,       0
16.7814,       0
16.7940,       3
16.8065,       4
16.8191,       1
16.8317,       3
16.8443,       8
16.8569,       6
16.8695,       3
16.8821,       4
16.8947,       4
16.9073,       7
16.9199,       8
16.9325,       3
16.9451,       2
16.9577,       5
16.9703,       3
16.9829,       3
16.9955,       3
17.0081,       3
17.0207,       5
17.0333,       4
17.0459,       3
17.0585,       7
17.0711,       2
17.0836,       2
17.0962,       2
17.1088,       3
17.1214,       1
17.1340,       1
17.1466,       1
17.1592,       0
17.1718,       1
17.1844,       0
17.1970,       1
17.2096,       0
17.2222,       0
17.2348,       0
17.2474,       0
17.2600,       0
17.2726,       0
17.2852,       0
17.2978,       1
17.3104,       0
17.3230,       1
17.3356,       1
17.3481,       0
17.3607,       0
17.3733,       1
17.3859,       0
17.3985,       1
17.4111,       0
17.4237,       0
17.4363,       0
17.4489,       0
17.4615,       0
17.4741,       0
17.4867,       1
17.4993,       1
17.5119,       0
17.5245,       2
17.5371,       0
17.5497,       0
17.5623,       0
17.5749,       1
17.5875,       0
17.6001,       0
17.6126,       0
17.6252,       0
17.6378,       0
17.6504,       1
17.6630,       0
17.6756,       0
17.6882,       0
17.7008,       0
17.7134,       0
17.7260,       1
17.7386,       0
17.7512,       1
17.7638,       0
17.7764,       1
17.7890,       0
17.8016,       0
17.8142,       2
17.8268,       0
17.8394,       1
17.8520,       0
17.8646,       1
17.8771,       1
17.8897,       1
17.9023,       0
17.9149,       0
17.9275,       0
17.9401,       0
17.9527,       0
17.9653,       1
17.9779,       0
17.9905,       1
18.0031,       0
18.0157,       0
18.0283,       0
18.0409,       0
18.0535,       2
18.0661,       0
18.0787,       1
18.0913,       0
18.1039,       0
18.1165,       0
18.1291,       1
18.1416,       0
18.1542,       1
18.1668,       0
18.1794,       0
18.1920,       0
18.2046,       1
18.2172,       1
18.2298,       2
18.2424,       0
18.2550,       0
18.2676,       0
18.2802,       0
18.2928,       1
18.3054,       0
18.3180,       0
18.3306,       0
18.3432,       0
18.3558,       1
18.3684,       1
18.3810,       0
18.3936,       0
18.4062,       0
18.4187,       0
18.4313,       0
18.4439,       0
18.4565,       1
18.4691,       0
18.4817,       0
18.4943,       1
18.5069,       1
18.5195,       0
18.5321,       1
18.5447,       1
18.5573,       2
18.5699,       1
18.5825,       1
18.5951,       0
18.6077,       0
18.6203,       1
18.6329,       2
18.6455,       0
18.6581,       0
18.6707,       0
18.6832,       1
18.6958,       0
18.7084,       0
18.7210,       1
18.7336,       0
18.7462,       1
18.7588,       0
18.7714,       1
18.7840,       0
18.7966,       0
18.8092,       0
18.8218,       0
18.8344,       1
18.8470,       0
18.8596,       1
18.8722,       0
18.8848,       0
18.8974,       0
18.9100,       0
18.9226,       0
18.9352,       1
18.9477,       2
18.9603,       1
18.9729,       0
18.9855,       0
18.9981,       1
19.0107,       2
19.0233,       0
19.0359,       0
19.0485,       0
19.0611,       0
19.0737,       0
19.0863,       0
19.0989,       1
19.1115,       1
19.1241,       1
19.1367,       0
19.1493,       1
19.1619,       0
19.1745,       2
19.1871,       0
19.1997,       1
19.2122,       1
19.2248,       0
19.2374,       1
19.2500,       3
19.2626,       1
19.2752,       1
19.2878,       1
19.3004,       1
19.3130,       0
19.3256,       0
19.3382,       3
19.3508,       0
19.3634,       0
19.3760,       0
19.3886,       0
19.4012,       0
19.4138,       1
19.4264,       0
19.4390,       0
19.4516,       0
19.4642,       0
19.4768,       2
19.4893,       2
19.5019,       0
19.5145,       2
19.5271,       0
19.5397,       0
19.5523,       1
19.5649,       2
19.5775,       0
19.5901,       0
19.6027,       1
19.6153,       0
19.6279,       0
19.6405,       0
19.6531,       1
19.6657,       0
19.6783,       0
19.6909,       0
19.7035,       0
19.7161,       0
19.7287,       0
19.7413,       0
19.7538,       0
19.7664,       0
19.7790,       0
19.7916,       0
19.8042,       0
19.8168,       0
19.8294,       0
19.8420,       1
19.8546,       0
19.8672,       0
19.8798,       0
19.8924,       0
19.9050,       0
19.9176,       1
19.9302,       0
19.9428,       0
19.9554,       1
19.9680,       0
19.9806,       1
19.9932,       0
20.0058,       0
20.0183,       2
20.0309,       0
20.0435,       1
20.0561,       0
20.0687,       1
20.0813,       5
20.0939,       1
20.1065,       3
20.1191,       3
20.1317,       0
20.1443,       4
20.1569,       0
20.1695,       1
20.1821,       0
20.1947,       4
20.2073,       2
20.2199,       0
20.2325,       2
20.2451,       4
20.2577,       1
20.2703,       2
20.2828,       3
20.2954,       2
20.3080,       5
20.3206,       2
20.3332,       2
20.3458,       1
20.3584,       4
20.3710,       1
20.3836,       0
20.3962,       3
20.4088,       0
20.4214,       0
20.4340,       0
20.4466,       2
20.4592,       0
20.4718,       0
20.4844,       0
20.4970,       0
20.5096,       0
20.5222,       2
20.5348,       0
20.5473,       0
20.5599,       0
20.5725,       0
20.5851,       1
20.5977,       0
20.6103,       0
20.6229,       0
20.6355,       1
20.6481,       0
20.6607,       0
20.6733,       0
20.6859,       0
20.6985,       0
20.7111,       0
20.7237,       0
20.7363,       0
20.7489,       0
20.7615,       1
20.7741,       0
20.7867,       0
20.7993,       0
20.8119,       0
20.8244,       0
20.8370,       0
20.8496,       0
20.8622,       0
20.8748,       1
20.8874,       0
20.9000,       0
20.9126,       0
20.9252,       0
20.9378,       0
20.9504,       0
20.9630,       0
20.9756,       0
20.9882,       0
21.0008,       0
21.0134,       0
21.0260,       1
21.0386,       0
21.0512,       0
21.0638,       0
21.0764,       0
21.0889,       0
21.1015,       0
21.1141,       0
21.1267,       0
21.1393,       0
21.1519,       0
21.1645,       0
21.1771,       0
21.1897,       0
21.2023,       0
21.2149,       0
21.2275,       0
21.2401,       0
21.2527,       0
21.2653,       0
21.2779,       0
21.2905,       0
21.3031,       0
21.3157,       0
21.3283,       0
21.3409,       0
21.3534,       0
21.3660,       0
21.3786,       0
21.3912,       0
21.4038,       0
21.4164,       0
21.4290,       2
21.4416,       0
21.4542,       0
21.4668,       0
21.4794,       0
21.4920,       0
21.5046,       0
21.5172,       1
21.5298,       0
21.5424,       0
21.5550,       0
21.5676,       0
21.5802,       0
21.5928,       0
21.6054,       0
21.6179,       0
21.6305,       1
21.6431,       0
21.6557,       1
21.6683,       0
21.6809,       2
21.6935,       0
21.7061,       0
21.7187,       0
21.7313,       0
21.7439,       0
21.7565,       0
21.7691,       0
21.7817,       0
21.7943,       1
21.8069,       0
21.8195,       0
21.8321,       1
21.8447,       0
21.8573,       0
21.8699,       1
21.8825,       0
21.8950,       0
21.9076,       0
21.9202,       0
21.9328,       1
21.9454,       0
21.9580,       0
21.9706,       0
21.9832,       0
21.9958,       0
22.0084,       1
22.0210,       1
22.0336,       1
22.0462,       1
22.0588,       1
22.0714,       1
22.0840,       0
22.0966,       0
22.1092,       0
22.1218,       0
22.1344,       0
22.1470,       0
22.1595,       1
22.1721,       0
22.1847,       0
22.1973,       0
22.2099,       0
22.2225,       0
22.2351,       0
22.2477,       0
22.2603,       1
22.2729,       1
22.2855,       0
22.2981,       1
22.3107,       1
22.3233,       0
22.3359,       1
22.3485,       0
22.3611,       0
22.3737,       0
22.3863,       0
22.3989,       1
22.4115,       1
22.4240,       0
22.4366,       0
22.4492,       0
22.4618,       0
22.4744,       0
22.4870,       0
22.4996,       0
22.5122,       0
22.5248,       0
22.5374,       0
22.5500,       0
22.5626,       0
22.5752,       0
22.5878,       0
22.6004,       0
22.6130,       1
22.6256,       0
22.6382,       0
22.6508,       0
22.6634,       0
22.6760,       0
22.6885,       0
22.7011,       0
22.7137,       0
22.7263,       0
22.7389,       3
22.7515,       0
22.7641,       0
22.7767,       0
22.7893,       0
22.8019,       0
22.8145,       1
22.8271,       1
22.8397,       0
22.8523,       0
22.8649,       0
22.8775,       1
22.8901,       1
22.9027,       0
22.9153,       0
22.9279,       0
22.9405,       0
22.9530,       0
22.9656,       1
22.9782,       1
22.9908,       0
23.0034,       0
23.0160,       0
23.0286,       0
23.0412,       0
23.0538,       0
23.0664,       2
23.0790,       0
23.0916,       1
23.1042,       0
23.1168,       0
23.1294,       1
23.1420,       0
23.1546,       0
23.1672,       0
23.1798,       0
23.1924,       0
23.2050,       0
23.2176,       0
23.2301,       0
23.2427,       0
23.2553,       0
23.2679,       0
23.2805,       0
23.2931,       0
23.3057,       0
23.3183,       0
23.3309,       0
23.3435,       0
23.3561,       0
23.3687,       1
23.3813,       0
23.3939,       0
23.4065,       0
23.4191,       0
23.4317,       0
23.4443,       0
23.4569,       0
23.4695,       0
23.4821,       0
23.4946,       0
23.5072,       0
23.5198,       0
23.5324,       0
23.5450,       0
23.5576,       0
23.5702,       0
23.5828,       0
23.5954,       0
23.6080,       0
23.6206,       0
23.6332,       0
23.6458,       0
23.6584,       0
23.6710,       1
23.6836,       0
23.6962,       0
23.7088,       0
23.7214,       0
23.7340,       0
23.7466,       0
23.7591,       0
23.7717,       0
23.7843,       0
23.7969,       1
23.8095,       0
23.8221,       0
23.8347,       0
23.8473,       0
23.8599,       0
23.8725,       0
23.8851,       0
23.8977,       0
23.9103,       0
23.9229,       0
23.9355,       0
23.9481,       0
23.9607,       0
23.9733,       1
23.9859,       0
23.9985,       0
24.0111,       0
24.0236,       0
24.0362,       0
24.0488,       0
24.0614,       0
24.0740,       0
24.0866,       0
24.0992,       0
24.1118,       0
24.1244,       0
24.1370,       0
24.1496,       0
24.1622,       0
24.1748,       0
24.1874,       0
24.2000,       0
24.2126,       0
24.2252,       0
24.2378,       0
24.2504,       0
24.2630,       0
24.2756,       0
24.2882,       0
24.3007,       0
24.3133,       0
24.3259,       0
24.3385,       0
24.3511,       0
24.3637,       0
24.3763,       0
24.3889,       0
24.4015,       0
24.4141,       0
24.4267,       0
24.4393,       0
24.4519,       0
24.4645,       0
24.4771,       0
24.4897,       0
24.5023,       0
24.5149,       0
24.5275,       0
24.5401,       0
24.5527,       0
24.5652,       0
24.5778,       0
24.5904,       0
24.6030,       0
24.6156,       0
24.6282,       0
24.6408,       0
24.6534,       0
24.6660,       0
24.6786,       0
24.6912,       0
24.7038,       0
24.7164,       0
24.7290,       0
24.7416,       0
24.7542,       1
24.7668,       0
24.7794,       0
24.7920,       0
24.8046,       0
24.8172,       0
24.8297,       0
24.8423,       1
24.8549,       0
24.8675,       0
24.8801,       0
24.8927,       0
24.9053,       1
24.9179,       1
24.9305,       0
24.9431,       0
24.9557,       0
24.9683,       0
24.9809,       1
24.9935,       1
25.0061,       1
25.0187,       0
25.0313,       0
25.0439,       0
25.0565,       0
25.0691,       0
25.0817,       1
25.0942,       0
25.1068,       2
25.1194,       2
25.1320,       2
25.1446,       1
25.1572,       0
25.1698,       1
25.1824,       2
25.1950,       1
25.2076,       3
25.2202,       1
25.2328,       0
25.2454,       0
25.2580,       2
25.2706,       2
25.2832,       0
25.2958,       0
25.3084,       0
25.3210,       2
25.3336,       0
25.3462,       0
25.3587,       0
25.3713,       1
25.3839,       1
25.3965,       0
25.4091,       0
25.4217,       0
25.4343,       1
25.4469,       0
25.4595,       0
25.4721,       0
25.4847,       0
25.4973,       0
25.5099,       1
25.5225,       0
25.5351,       0
25.5477,       1
25.5603,       0
25.5729,       0
25.5855,       0
25.5981,       0
25.6107,       1
25.6233,       0
25.6358,       0
25.6484,       0
25.6610,       0
25.6736,       0
25.6862,       0
25.6988,       0
25.7114,       0
25.7240,       0
25.7366,       0
25.7492,       0
25.7618,       0
25.7744,       0
25.7870,       0
25.7996,       0
25.8122,       0
25.8248,       0
25.8374,       0
25.8500,       0
25.8626,       0
25.8752,       0
25.8878,       0
25.9003,       0
25.9129,       0
25.9255,       0
25.9381,       0
25.9507,       0
25.9633,       0
25.9759,       0
25.9885,       0
26.0011,       0
26.0137,       0
26.0263,       0
26.0389,       0
26.0515,       0
26.0641,       0
26.0767,       0
26.0893,       0
26.1019,       0
26.1145,       0
26.1271,       0
26.1397,       0
26.1523,       0
26.1648,       0
26.1774,       0
26.1900,       0
26.2026,       0
26.2152,       0
26.2278,       0
26.2404,       0
26.2530,       0
26.2656,       0
26.2782,       1
26.2908,       0
26.3034,       0
26.3160,       0
26.3286,       0
26.3412,       0
26.3538,       0
26.3664,       0
26.3790,       0
26.3916,       0
26.4042,       0
26.4168,       0
26.4293,       0
26.4419,       0
26.4545,       0
26.4671,       0
26.4797,       0
26.4923,       0
26.5049,       0
26.5175,       0
26.5301,       0
26.5427,       0
26.5553,       1
26.5679,       0
26.5805,       0
26.5931,       1
26.6057,       0
26.6183,       0
26.6309,       0
26.6435,       0
26.6561,       0
26.6687,       0
26.6813,       0
26.6939,       0
26.7064,       0
26.7190,       0
26.7316,       1
26.7442,       0
26.7568,       0
26.7694,       0
26.7820,       0
26.7946,       0
26.8072,       0
26.8198,       0
26.8324,       0
26.8450,       0
26.8576,       0
26.8702,       0
26.8828,       0
26.8954,       0
26.9080,       0
26.9206,       0
26.9332,       0
26.9458,       0
26.9584,       0
26.9709,       0
26.9835,       0
26.9961,       0
27.0087,       0
27.0213,       0
27.0339,       0
27.0465,       0
27.0591,       0
27.0717,       0
27.0843,       0
27.0969,       0
27.1095,       0
27.1221,       2
27.1347,       0
27.1473,       0
27.1599,       0
27.1725,       0
27.1851,       0
27.1977,       0
27.2103,       0
27.2229,       0
27.2354,       0
27.2480,       0
27.2606,       0
27.2732,       0
27.2858,       0
27.2984,       0
27.3110,       0
27.3236,       0
27.3362,       0
27.3488,       0
27.3614,       0
27.3740,       0
27.3866,       0
27.3992,       0
27.4118,       0
27.4244,       0
27.4370,       0
27.4496,       0
27.4622,       0
27.4748,       0
27.4874,       0
27.4999,       0
27.5125,       0
27.5251,       0
27.5377,       0
27.5503,       0
27.5629,       0
27.5755,       0
27.5881,       0
27.6007,       0
27.6133,       0
27.6259,       0
27.6385,       0
27.6511,       1
27.6637,       0
27.6763,       0
27.6889,       0
27.7015,       0
27.7141,       0
27.7267,       0
27.7393,       0
27.7519,       2
27.7644,       0
27.7770,       0
27.7896,       0
27.8022,       0
27.8148,       0
27.8274,       0
27.8400,       0
27.8526,       0
27.8652,       0
27.8778,       0
27.8904,       0
27.9030,       0
27.9156,       0
27.9282,       0
27.9408,       0
27.9534,       0
27.9660,       0
27.9786,       0
27.9912,       0
28.0038,       0
28.0164,       0
28.0290,       0
28.0415,       0
28.0541,       0
28.0667,       0
28.0793,       1
28.0919,       0
28.1045,       0
28.1171,       0
28.1297,       0
28.1423,       0
28.1549,       0
28.1675,       0
28.1801,       0
28.1927,       0
28.2053,       0
28.2179,       0
28.2305,       0
28.2431,       0
28.2557,       0
28.2683,       0
28.2809,       0
28.2935,       0
28.3060,       0
28.3186,       0
28.3312,       0
28.3438,       0
28.3564,       0
28.3690,       1
28.3816,       2
28.3942,       0
28.4068,       0
28.4194,       0
28.4320,       0
28.4446,       0
28.4572,       0
28.4698,       0
28.4824,       0
28.4950,       0
28.5076,       0
28.5202,       0
28.5328,       0
28.5454,       0
28.5580,       0
28.5705,       0
28.5831,       0
28.5957,       0
28.6083,       0
28.6209,       0
28.6335,       0
28.6461,       0
28.6587,       0
28.6713,       0
28.6839,       0
28.6965,       0
28.7091,       0
28.7217,       0
28.7343,       0
28.7469,       0
28.7595,       0
28.7721,       0
28.7847,       0
28.7973,       0
28.8099,       0
28.8225,       0
28.8350,       0
28.8476,       0
28.8602,       0
28.8728,       0
28.8854,       0
28.8980,       0
28.9106,       0
28.9232,       0
28.9358,       0
28.9484,       0
28.9610,       0
28.9736,       0
28.9862,       0
28.9988,       0
29.0114,       0
29.0240,       0
29.0366,       0
29.0492,       0
29.0618,       0
29.0744,       0
29.0870,       0
29.0996,       0
29.1121,       0
29.1247,       0
29.1373,       0
29.1499,       0
29.1625,       0
29.1751,       0
29.1877,       0
29.2003,       0
29.2129,       0
29.2255,       0
29.2381,       0
29.2507,       0
29.2633,       0
29.2759,       0
29.2885,       0
29.3011,       0
29.3137,       0
29.3263,       0
29.3389,       0
29.3515,       0
29.3641,       0
29.3766,       0
29.3892,       0
29.4018,       0
29.4144,       0
29.4270,       0
29.4396,       0
29.4522,       0
29.4648,       0
29.4774,       0
29.4900,       0
29.5026,       0
29.5152,       0
29.5278,       0
29.5404,       0
29.5530,       0
29.5656,       0
29.5782,       0
29.5908,       0
29.6034,       0
29.6160,       0
29.6286,       0
29.6411,       0
29.6537,       0
29.6663,       0
29.6789,       0
29.6915,       0
29.7041,       0
29.7167,       0
29.7293,       0
29.7419,       0
29.7545,       0
29.7671,       1
29.7797,       0
29.7923,       0
29.8049,       0
29.8175,       0
29.8301,       0
29.8427,       0
29.8553,       0
29.8679,       0
29.8805,       0
29.8931,       0
29.9056,       0
29.9182,       0
29.9308,       0
29.9434,       0
29.9560,       0
29.9686,       0
29.9812,       0
29.9938,       0
30.0064,       0
30.0190,       0
30.0316,       0
30.0442,       0
30.0568,       0
30.0694,       0
30.0820,       0
30.0946,       0
30.1072,       0
30.1198,       0
30.1324,       0
30.1450,       0
30.1576,       0
30.1701,       0
30.1827,       0
30.1953,       0
30.2079,       1
30.2205,       0
30.2331,       0
30.2457,       0
30.2583,       0
30.2709,       1
30.2835,       0
30.2961,       0
30.3087,       0
30.3213,       0
30.3339,       0
30.3465,       0
30.3591,       0
30.3717,       0
30.3843,       0
30.3969,       0
30.4095,       0
30.4221,       0
30.4347,       0
30.4472,       0
30.4598,       0
30.4724,       0
30.4850,       0
30.4976,       0
30.5102,       0
30.5228,       0
30.5354,       0
30.5480,       0
30.5606,       0
30.5732,       0
30.5858,       0
30.5984,       0
30.6110,       0
30.6236,       0
30.6362,       0
30.6488,       0
30.6614,       0
30.6740,       0
30.6866,       0
30.6992,       0
30.7117,       0
30.7243,       0
30.7369,       0
30.7495,       0
30.7621,       0
30.7747,       0
30.7873,       0
30.7999,       0
30.8125,       0
30.8251,       0
30.8377,       0
30.8503,       0
30.8629,       0
30.8755,       0
30.8881,       0
30.9007,       0
30.9133,       0
30.9259,       0
30.9385,       0
30.9511,       0
30.9637,       0
30.9762,       0
30.9888,       0
31.0014,       0
31.0140,       0
31.0266,       0
31.0392,       0
31.0518,       0
31.0644,       0
31.0770,       0
31.0896,       0
31.1022,       0
31.1148,       0
31.1274,       0
31.1400,       0
31.1526,       0
31.1652,       0
31.1778,       0
31.1904,       0
31.2030,       0
31.2156,       0
31.2282,       0
31.2407,       0
31.2533,       0
31.2659,       0
31.2785,       0
31.2911,       0
31.3037,       0
31.3163,       0
31.3289,       0
31.3415,       0
31.3541,       0
31.3667,       0
31.3793,       0
31.3919,       0
31.4045,       0
31.4171,       0
31.4297,       0
31.4423,       0
31.4549,       0
31.4675,       0
31.4801,       0
31.4927,       0
31.5053,       0
31.5178,       0
31.5304,       0
31.5430,       0
31.5556,       0
31.5682,       0
31.5808,       0
31.5934,       0
31.6060,       0
31.6186,       0
31.6312,       0
31.6438,       0
31.6564,       0
31.6690,       0
31.6816,       0
31.6942,       0
31.7068,       0
31.7194,       0
31.7320,       0
31.7446,       0
31.7572,       0
31.7698,       0
31.7823,       0
31.7949,       0
31.8075,       0
31.8201,       0
31.8327,       0
31.8453,       0
31.8579,       0
31.8705,       0
31.8831,       0
31.8957,       0
31.9083,       0
31.9209,       0
31.9335,       0
31.9461,       0
31.9587,       0
31.9713,       0
31.9839,       0
31.9965,       0
32.0091,       0
32.0217,       0
32.0343,       0
32.0468,       0
32.0594,       0
32.0720,       0
32.0846,       0
32.0972,       0
32.1098,       0
32.1224,       0
32.1350,       0
32.1476,       0
32.1602,       0
32.1728,       0
32.1854,       0
32.1980,       0
32.2106,       0
32.2232,       0
32.2358,       0
32.2484,       0
32.2610,       0
32.2736,       0
32.2862,       0
32.2988,       0
32.3113,       0
32.3239,       0
32.3365,       0
32.3491,       0
32.3617,       0
32.3743,       0
32.3869,       0
32.3995,       0
32.4121,       0
32.4247,       0
32.4373,       0
32.4499,       0
32.4625,       0
32.4751,       0
32.4877,       0
32.5003,       0
32.5129,       0
32.5255,       0
32.5381,       0
32.5507,       0
32.5633,       0
32.5758,       0
32.5884,       0
32.6010,       0
32.6136,       0
32.6262,       0
32.6388,       0
32.6514,       0
32.6640,       0
32.6766,       0
32.6892,       0
32.7018,       0
32.7144,       0
32.7270,       0
32.7396,       0
32.7522,       0
32.7648,       0
32.7774,       0
32.7900,       0
32.8026,       0
32.8152,       0
32.8278,       0
32.8404,       0
32.8529,       0
32.8655,       0
32.8781,       0
32.8907,       0
32.9033,       0
32.9159,       0
32.9285,       0
32.9411,       0
32.9537,       0
32.9663,       0
32.9789,       0
32.9915,       0
33.0041,       0
33.0167,       0
33.0293,       0
33.0419,       0
33.0545,       0
33.0671,       0
33.0797,       0
33.0923,       0
33.1049,       0
33.1174,       0
33.1300,       0
33.1426,       0
33.1552,       0
33.1678,       0
33.1804,       0
33.1930,       0
33.2056,       0
33.2182,       0
33.2308,       0
33.2434,       0
33.2560,       0
33.2686,       0
33.2812,       0
33.2938,       0
33.3064,       0
33.3190,       0
33.3316,       0
33.3442,       0
33.3568,       0
33.3694,       0
33.3819,       0
33.3945,       0
33.4071,       0
33.4197,       0
33.4323,       0
33.4449,       0
33.4575,       0
33.4701,       0
33.4827,       0
33.4953,       0
33.5079,       0
33.5205,       0
33.5331,       0
33.5457,       0
33.5583,       0
33.5709,       0
33.5835,       0
33.5961,       0
33.6087,       0
33.6213,       0
33.6339,       0
33.6464,       0
33.6590,       0
33.6716,       0
33.6842,       0
33.6968,       0
33.7094,       0
33.7220,       0
33.7346,       0
33.7472,       0
33.7598,       0
33.7724,       0
33.7850,       0
33.7976,       0
33.8102,       0
33.8228,       0
33.8354,       0
33.8480,       0
33.8606,       0
33.8732,       0
33.8858,       0
33.8984,       0
33.9110,       0
33.9235,       0
33.9361,       0
33.9487,       0
33.9613,       0
33.9739,       0
33.9865,       0
33.9991,       0
34.0117,       0
34.0243,       0
34.0369,       0
34.0495,       0
34.0621,       0
34.0747,       0
34.0873,       0
34.0999,       0
34.1125,       0
34.1251,       0
34.1377,       0
34.1503,       0
34.1629,       0
34.1755,       0
34.1880,       0
34.2006,       0
34.2132,       0
34.2258,       0
34.2384,       0
34.2510,       0
34.2636,       0
34.2762,       0
34.2888,       0
34.3014,       0
34.3140,       0
34.3266,       0
34.3392,       0
34.3518,       0
34.3644,       0
34.3770,       0
34.3896,       0
34.4022,       0
34.4148,       0
34.4274,       0
34.4400,       0
34.4525,       0
34.4651,       0
34.4777,       0
34.4903,       0
34.5029,       0
34.5155,       0
34.5281,       0
34.5407,       0
34.5533,       0
34.5659,       0
34.5785,       0
34.5911,       0
34.6037,       0
34.6163,       0
34.6289,       0
34.6415,       0
34.6541,       0
34.6667,       0
34.6793,       0
34.6919,       0
34.7045,       0
34.7170,       0
34.7296,       0
34.7422,       0
34.7548,       0
34.7674,       0
34.7800,       0
34.7926,       0
34.8052,       0
34.8178,       0
34.8304,       0
34.8430,       0
34.8556,       0
34.8682,       0
34.8808,       0
34.8934,       0
34.9060,       0
34.9186,       0
34.9312,       0
34.9438,       0
34.9564,       0
34.9690,       0
34.9815,       0
34.9941,       0
35.0067,       0
35.0193,       0
35.0319,       0
35.0445,       0
35.0571,       0
35.0697,       0
35.0823,       0
35.0949,       0
35.1075,       0
35.1201,       0
35.1327,       0
35.1453,       0
35.1579,       0
35.1705,       0
35.1831,       0
35.1957,       0
35.2083,       0
35.2209,       0
35.2335,       0
35.2461,       0
35.2586,       0
35.2712,       0
35.2838,       0
35.2964,       0
35.3090,       0
35.3216,       0
35.3342,       0
35.3468,       0
35.3594,       0
35.3720,       0
35.3846,       0
35.3972,       0
35.4098,       0
35.4224,       0
35.4350,       0
35.4476,       0
35.4602,       0
35.4728,       0
35.4854,       0
35.4980,       0
35.5106,       0
35.5231,       0
35.5357,       0
35.5483,       0
35.5609,       0
35.5735,       0
35.5861,       0
35.5987,       0
35.6113,       0
35.6239,       0
35.6365,       0
35.6491,       0
35.6617,       0
35.6743,       0
35.6869,       0
35.6995,       0
35.7121,       0
35.7247,       0
35.7373,       0
35.7499,       0
35.7625,       0
35.7751,       0
35.7876,       0
35.8002,       0
35.8128,       0
35.8254,       0
35.8380,       0
35.8506,       0
35.8632,       0
35.8758,       0
35.8884,       0
35.9010,       0
35.9136,       0
35.9262,       0
35.9388,       0
35.9514,       0
35.9640,       0
35.9766,       0
35.9892,       0
36.0018,       0
36.0144,       0
36.0270,       0
36.0396,       0
36.0521,       0
36.0647,       0
36.0773,       0
36.0899,       0
36.1025,       0
36.1151,       0
36.1277,       0
36.1403,       0
36.1529,       0
36.1655,       0
36.1781,       0
36.1907,       0
36.2033,       0
36.2159,       0
36.2285,       0
36.2411,       0
36.2537,       0
36.2663,       0
36.2789,       0
36.2915,       0
36.3041,       0
36.3167,       0
36.3292,       0
36.3418,       0
36.3544,       0
36.3670,       0
36.3796,       0
36.3922,       0
36.4048,       0
36.4174,       0
36.4300,       0
36.4426,       0
36.4552,       0
36.4678,       0
36.4804,       0
36.4930,       0
36.5056,       0
36.5182,       0
36.5308,       0
36.5434,       0
36.5560,       0
36.5686,       0
36.5812,       0
36.5937,       0
36.6063,       0
36.6189,       0
36.6315,       0
36.6441,       0
36.6567,       0
36.6693,       0
36.6819,       0
36.6945,       0
36.7071,       0
36.7197,       0
36.7323,       0
36.7449,       0
36.7575,       0
36.7701,       0
36.7827,       0
36.7953,       0
36.8079,       0
36.8205,       0
36.8331,       0
36.8457,       0
36.8582,       0
36.8708,       0
36.8834,       0
36.8960,       0
36.9086,       0
36.9212,       0
36.9338,       0
36.9464,       0
36.9590,       0
36.9716,       0
36.9842,       0
36.9968,       0
37.0094,       0
37.0220,       0
37.0346,       0
37.0472,       0
37.0598,       0
37.0724,       0
37.0850,       0
37.0976,       0
37.1102,       0
37.1227,       0
37.1353,       0
37.1479,       0
37.1605,       0
37.1731,       0
37.1857,       0
37.1983,       0
37.2109,       0
37.2235,       0
37.2361,       0
37.2487,       0
37.2613,       0
37.2739,       0
37.2865,       0
37.2991,       0
37.3117,       0
37.3243,       0
37.3369,       0
37.3495,       0
37.3621,       1
37.3747,       0
37.3872,       0
37.3998,       0
37.4124,       0
37.4250,       0
37.4376,       0
37.4502,       0
37.4628,       0
37.4754,       0
37.4880,       0
37.5006,       1
37.5132,       0
37.5258,       0
37.5384,       0
37.5510,       0
37.5636,       0
37.5762,       0
37.5888,       0
37.6014,       0
37.6140,       0
37.6266,       0
37.6392,       0
37.6518,       0
37.6643,       1
37.6769,       0
37.6895,       0
37.7021,       0
37.7147,       0
37.7273,       0
37.7399,       0
37.7525,       0
37.7651,       0
37.7777,       0
37.7903,       0
37.8029,       0
37.8155,       0
37.8281,       0
37.8407,       0
37.8533,       0
37.8659,       0
37.8785,       0
37.8911,       0
37.9037,       0
37.9163,       0
37.9288,       0
37.9414,       0
37.9540,       0
37.9666,       0
37.9792,       0
37.9918,       0
38.0044,       0
38.0170,       0
38.0296,       0
38.0422,       0
38.0548,       1
38.0674,       0
38.0800,       0
38.0926,       0
38.1052,       0
38.1178,       0
38.1304,       0
38.1430,       0
38.1556,       0
38.1682,       0
38.1808,       0
38.1933,       0
38.2059,       0
38.2185,       0
38.2311,       0
38.2437,       0
38.2563,       0
38.2689,       0
38.2815,       0
38.2941,       0
38.3067,       0
38.3193,       0
38.3319,       0
38.3445,       0
38.3571,       0
38.3697,       0
38.3823,       0
38.3949,       0
38.4075,       0
38.4201,       0
38.4327,       0
38.4453,       0
38.4578,       0
38.4704,       0
38.4830,       0
38.4956,       0
38.5082,       0
38.5208,       0
38.5334,       0
38.5460,       0
38.5586,       0
38.5712,       0
38.5838,       0
38.5964,       0
38.6090,       0
38.6216,       0
38.6342,       0
38.6468,       0
38.6594,       0
38.6720,       0
38.6846,       0
38.6972,       0
38.7098,       0
38.7224,       0
38.7349,       0
38.7475,       0
38.7601,       0
38.7727,       0
38.7853,       0
38.7979,       0
38.8105,       0
38.8231,       0
38.8357,       0
38.8483,       0
38.8609,       0
38.8735,       0
38.8861,       0
38.8987,       0
38.9113,       0
38.9239,       0
38.9365,       0
38.9491,       0
38.9617,       0
38.9743,       0
38.9869,       0
38.9994,       0
39.0120,       0
39.0246,       0
39.0372,       0
39.0498,       0
39.0624,       0
39.0750,       0
39.0876,       0
39.1002,       0
39.1128,       0
39.1254,       0
39.1380,       0
39.1506,       0
39.1632,       0
39.1758,       0
39.1884,       0
39.2010,       0
39.2136,       0
39.2262,       0
39.2388,       0
39.2514,       0
39.2639,       0
39.2765,       0
39.2891,       0
39.3017,       0
39.3143,       0
39.3269,       0
39.3395,       0
39.3521,       0
39.3647,       0
39.3773,       0
39.3899,       0
39.4025,       0
39.4151,       0
39.4277,       0
39.4403,       0
39.4529,       0
39.4655,       0
39.4781,       0
39.4907,       0
39.5033,       0
39.5159,       0
39.5284,       0
39.5410,       0
39.5536,       0
39.5662,       0
39.5788,       0
39.5914,       0
39.6040,       0
39.6166,       0
39.6292,       0
39.6418,       0
39.6544,       0
39.6670,       0
39.6796,       0
39.6922,       0
39.7048,       0
39.7174,       0
39.7300,       0
39.7426,       0
39.7552,       0
39.7678,       0
39.7804,       0
39.7929,       0
39.8055,       0
39.8181,       0
39.8307,       0
39.8433,       0
39.8559,       0
39.8685,       0
39.8811,       0
39.8937,       0
39.9063,       0
39.9189,       0
39.9315,       0
39.9441,       0
39.9567,       0
39.9693,       0
39.9819,       0
39.9945,       0
40.0071,       0
40.0197,       0
40.0323,       0
40.0449,       0
40.0575,       0
40.0700,       0
40.0826,       0
40.0952,       0
40.1078,       0
40.1204,       0
40.1330,       0
40.1456,       0
40.1582,       0
40.1708,       0
40.1834,       0
40.1960,       0
40.2086,       0
40.2212,       0
40.2338,       0
40.2464,       0
40.2590,       0
40.2716,       0
40.2842,       0
40.2968,       0
40.3094,       0
40.3220,       0
40.3345,       0
40.3471,       0
40.3597,       0
40.3723,       0
40.3849,       0
40.3975,       0
40.4101,       0
40.4227,       0
40.4353,       0
40.4479,       0
40.4605,       0
40.4731,       0
40.4857,       0
40.4983,       0
40.5109,       0
40.5235,       0
40.5361,       0
40.5487,       0
40.5613,       0
40.5739,       0
40.5865,       0
40.5990,       0
40.6116,       0
40.6242,       0
40.6368,       0
40.6494,       0
40.6620,       0
40.6746,       0
40.6872,       0
40.6998,       0
40.7124,       0
40.7250,       0
40.7376,       0
40.7502,       0
40.7628,       0
40.7754,       0
40.7880,       0
40.8006,       0
40.8132,       0
40.8258,       0
40.8384,       0
40.8510,       0
40.8635,       0
40.8761,       0
40.8887,       0
40.9013,       0
40.9139,       0
40.9265,       0
40.9391,       0
40.9517,       0
40.9643,       0
40.9769,       0
40.9895,       0
41.0021,       0
41.0147,       0
41.0273,       0
41.0399,       0
41.0525,       0
41.0651,       0
41.0777,       0
41.0903,       0
41.1029,       0
41.1155,       0
41.1281,       0
41.1406,       0
41.1532,       0
41.1658,       0
41.1784,       0
41.1910,       0
41.2036,       0
41.2162,       0
41.2288,       0
41.2414,       0
41.2540,       0
41.2666,       0
41.2792,       0
41.2918,       0
41.3044,       0
41.3170,       0
41.3296,       0
41.3422,       0
41.3548,       0
41.3674,       0
41.3800,       0
41.3926,       0
41.4051,       0
41.4177,       0
41.4303,       0
41.4429,       0
41.4555,       0
41.4681,       0
41.4807,       0
41.4933,       0
41.5059,       0
41.5185,       0
41.5311,       0
41.5437,       0
41.5563,       0
41.5689,       0
41.5815,       0
41.5941,       0
41.6067,       0
41.6193,       0
41.6319,       0
41.6445,       0
41.6571,       0
41.6696,       0
41.6822,       0
41.6948,       0
41.7074,       0
41.7200,       0
41.7326,       0
41.7452,       0
41.7578,       0
41.7704,       0
41.7830,       0
41.7956,       0
41.8082,       0
41.8208,       0
41.8334,       0
41.8460,       0
41.8586,       0
41.8712,       0
41.8838,       0
41.8964,       0
41.9090,       0
41.9216,       0
41.9341,       0
41.9467,       0
41.9593,       0
41.9719,       0
41.9845,       0
41.9971,       0
42.0097,       0
42.0223,       0
42.0349,       0
42.0475,       0
42.0601,       0
42.0727,       0
42.0853,       0
42.0979,       0
42.1105,       0
42.1231,       0
42.1357,       0
42.1483,       0
42.1609,       0
42.1735,       0
42.1861,       0
42.1986,       0
42.2112,       0
42.2238,       0
42.2364,       0
42.2490,       0
42.2616,       0
42.2742,       0
42.2868,       0
42.2994,       0
42.3120,       0
42.3246,       0
42.3372,       0
42.3498,       0
42.3624,       0
42.3750,       0
42.3876,       0
42.4002,       0
42.4128,       0
42.4254,       0
42.4380,       0
42.4506,       0
42.4632,       0
42.4757,       0
42.4883,       0
42.5009,       0
42.5135,       0
42.5261,       0
42.5387,       0
42.5513,       0
42.5639,       0
42.5765,       0
42.5891,       0
42.6017,       0
42.6143,       0
42.6269,       0
42.6395,       0
42.6521,       0
42.6647,       0
42.6773,       0
42.6899,       0
42.7025,       0
42.7151,       0
42.7277,       0
42.7402,       0
42.7528,       0
42.7654,       0
42.7780,       0
42.7906,       0
42.8032,       0
42.8158,       0
42.8284,       0
42.8410,       0
42.8536,       0
42.8662,       0
42.8788,       0
42.8914,       0
42.9040,       0
42.9166,       0
42.9292,       0
42.9418,       0
42.9544,       0
42.9670,       0
42.9796,       0
42.9922,       0
43.0047,       0
43.0173,       0
43.0299,       0
43.0425,       0
43.0551,       0
43.0677,       0
43.0803,       0
43.0929,       0
43.1055,       0
43.1181,       0
43.1307,       0
43.1433,       0
43.1559,       0
43.1685,       0
43.1811,       0
43.1937,       0
43.2063,       0
43.2189,       0
43.2315,       0
43.2441,       0
43.2567,       0
43.2692,       0
43.2818,       0
43.2944,       0
43.3070,       0
43.3196,       0
43.3322,       0
43.3448,       0
43.3574,       0
43.3700,       0
43.3826,       0
43.3952,       0
43.4078,       0
43.4204,       0
43.4330,       0
43.4456,       0
43.4582,       0
43.4708,       0
43.4834,       0
43.4960,       0
43.5086,       0
43.5212,       0
43.5338,       0
43.5463,       0
43.5589,       0
43.5715,       0
43.5841,       0
43.5967,       0
43.6093,       0
43.6219,       0
43.6345,       0
43.6471,       0
43.6597,       0
43.6723,       0
43.6849,       0
43.6975,       0
43.7101,       0
43.7227,       0
43.7353,       0
43.7479,       0
43.7605,       0
43.7731,       0
43.7857,       0
43.7983,       0
43.8108,       0
43.8234,       0
43.8360,       0
43.8486,       0
43.8612,       0
43.8738,       0
43.8864,       0
43.8990,       0
43.9116,       0
43.9242,       0
43.9368,       0
43.9494,       0
43.9620,       0
43.9746,       0
43.9872,       0
43.9998,       0
44.0124,       0
44.0250,       0
44.0376,       0
44.0502,       0
44.0628,       0
44.0753,       0
44.0879,       0
44.1005,       0
44.1131,       0
44.1257,       0
44.1383,       0
44.1509,       0
44.1635,       0
44.1761,       0
44.1887,       0
44.2013,       0
44.2139,       0
44.2265,       0
44.2391,       0
44.2517,       0
44.2643,       0
44.2769,       0
44.2895,       0
44.3021,       0
44.3147,       0
44.3273,       0
44.3398,       0
44.3524,       0
44.3650,       0
44.3776,       0
44.3902,       0
44.4028,       0
44.4154,       0
44.4280,       0
44.4406,       0
44.4532,       0
44.4658,       0
44.4784,       0
44.4910,       0
44.5036,       0
44.5162,       0
44.5288,       0
44.5414,       0
44.5540,       0
44.5666,       0
44.5792,       0
44.5918,       0
44.6043,       0
44.6169,       0
44.6295,       0
44.6421,       0
44.6547,       0
44.6673,       0
44.6799,       0
44.6925,       0
44.7051,       0
44.7177,       0
44.7303,       0
44.7429,       0
44.7555,       0
44.7681,       0
44.7807,       0
44.7933,       0
44.8059,       0
44.8185,       0
44.8311,       0
44.8437,       0
44.8563,       0
44.8689,       0
44.8814,       0
44.8940,       0
44.9066,       0
44.9192,       0
44.9318,       0
44.9444,       0
44.9570,       0
44.9696,       0
44.9822,       0
44.9948,       0
45.0074,       0
45.0200,       0
45.0326,       0
45.0452,       0
45.0578,       0
45.0704,       0
45.0830,       0
45.0956,       0
45.1082,       0
45.1208,       0
45.1334,       0
45.1459,       0
45.1585,       0
45.1711,       0
45.1837,       0
45.1963,       0
45.2089,       0
45.2215,       0
45.2341,       0
45.2467,       0
45.2593,       0
45.2719,       0
45.2845,       0
45.2971,       0
45.3097,       0
45.3223,       0
45.3349,       0
45.3475,       0
45.3601,       0
45.3727,       0
45.3853,       0
45.3979,       0
45.4104,       0
45.4230,       0
45.4356,       0
45.4482,       0
45.4608,       0
45.4734,       0
45.4860,       0
45.4986,       0
45.5112,       0
45.5238,       0
45.5364,       0
45.5490,       0
45.5616,       0
45.5742,       0
45.5868,       0
45.5994,       0
45.6120,       0
45.6246,       0
45.6372,       0
45.6498,       0
45.6624,       0
45.6749,       0
45.6875,       0
45.7001,       0
45.7127,       0
45.7253,       0
45.7379,       0
45.7505,       0
45.7631,       0
45.7757,       0
45.7883,       0
45.8009,       0
45.8135,       0
45.8261,       0
45.8387,       0
45.8513,       0
45.8639,       0
45.8765,       0
45.8891,       0
45.9017,       0
45.9143,       0
45.9269,       0
45.9395,       0
45.9520,       0
45.9646,       0
45.9772,       0
45.9898,       0
46.0024,       0
46.0150,       0
46.0276,       0
46.0402,       0
46.0528,       0
46.0654,       0
46.0780,       0
46.0906,       0
46.1032,       0
46.1158,       0
46.1284,       0
46.1410,       0
46.1536,       0
46.1662,       0
46.1788,       0
46.1914,       0
46.2040,       0
46.2165,       0
46.2291,       0
46.2417,       0
46.2543,       0
46.2669,       0
46.2795,       0
46.2921,       0
46.3047,       0
46.3173,       0
46.3299,       0
46.3425,       0
46.3551,       0
46.3677,       0
46.3803,       0
46.3929,       0
46.4055,       0
46.4181,       0
46.4307,       0
46.4433,       0
46.4559,       0
46.4685,       0
46.4810,       0
46.4936,       0
46.5062,       0
46.5188,       0
46.5314,       0
46.5440,       0
46.5566,       0
46.5692,       0
46.5818,       0
46.5944,       0
46.6070,       0
46.6196,       0
46.6322,       0
46.6448,       0
46.6574,       0
46.6700,       0
46.6826,       0
46.6952,       0
46.7078,       0
46.7204,       0
46.7330,       0
46.7455,       0
46.7581,       0
46.7707,       0
46.7833,       0
46.7959,       0
46.8085,       0
46.8211,       0
46.8337,       0
46.8463,       0
46.8589,       0
46.8715,       0
46.8841,       0
46.8967,       0
46.9093,       0
46.9219,       0
46.9345,       0
46.9471,       0
46.9597,       0
46.9723,       0
46.9849,       0
46.9975,       0
47.0100,       0
47.0226,       0
47.0352,       0
47.0478,       0
47.0604,       0
47.0730,       0
47.0856,       0
47.0982,       0
47.1108,       0
47.1234,       0
47.1360,       0
47.1486,       0
47.1612,       0
47.1738,       0
47.1864,       0
47.1990,       0
47.2116,       0
47.2242,       0
47.2368,       0
47.2494,       0
47.2620,       0
47.2746,       0
47.2871,       0
47.2997,       0
47.3123,       0
47.3249,       0
47.3375,       0
47.3501,       0
47.3627,       0
47.3753,       0
47.3879,       0
47.4005,       0
47.4131,       0
47.4257,       0
47.4383,       0
47.4509,       0
47.4635,       0
47.4761,       0
47.4887,       0
47.5013,       0
47.5139,       0
47.5265,       0
47.5391,       0
47.5516,       0
47.5642,       0
47.5768,       0
47.5894,       0
47.6020,       0
47.6146,       0
47.6272,       0
47.6398,       0
47.6524,       0
47.6650,       0
47.6776,       0
47.6902,       0
47.7028,       0
47.7154,       0
47.7280,       0
47.7406,       0
47.7532,       0
47.7658,       0
47.7784,       0
47.7910,       0
47.8036,       0
47.8161,       0
47.8287,       0
47.8413,       0
47.8539,       0
47.8665,       0
47.8791,       0
47.8917,       0
47.9043,       0
47.9169,       0
47.9295,       0
47.9421,       0
47.9547,       0
47.9673,       0
47.9799,       0
47.9925,       0
48.0051,       0
48.0177,       0
48.0303,       0
48.0429,       0
48.0555,       0
48.0681,       0
48.0806,       0
48.0932,       0
48.1058,       0
48.1184,       0
48.1310,       0
48.1436,       0
48.1562,       0
48.1688,       0
48.1814,       0
48.1940,       0
48.2066,       0
48.2192,       0
48.2318,       0
48.2444,       0
48.2570,       0
48.2696,       0
48.2822,       0
48.2948,       0
48.3074,       0
48.3200,       0
48.3326,       0
48.3452,       0
48.3577,       0
48.3703,       0
48.3829,       0
48.3955,       0
48.4081,       0
48.4207,       0
48.4333,       0
48.4459,       0
48.4585,       0
48.4711,       0
48.4837,       0
48.4963,       0
48.5089,       0
48.5215,       0
48.5341,       0
48.5467,       0
48.5593,       0
48.5719,       0
48.5845,       0
48.5971,       0
48.6097,       0
48.6222,       0
48.6348,       0
48.6474,       0
48.6600,       0
48.6726,       0
48.6852,       0
48.6978,       0
48.7104,       0
48.7230,       0
48.7356,       0
48.7482,       0
48.7608,       0
48.7734,       0
48.7860,       0
48.7986,       0
48.8112,       0
48.8238,       0
48.8364,       0
48.8490,       0
48.8616,       0
48.8742,       0
48.8867,       0
48.8993,       0
48.9119,       0
48.9245,       0
48.9371,       0
48.9497,       0
48.9623,       0
48.9749,       0
48.9875,       0
49.0001,       0
49.0127,       0
49.0253,       0
49.0379,       0
49.0505,       0
49.0631,       0
49.0757,       0
49.0883,       0
49.1009,       0
49.1135,       0
49.1261,       0
49.1387,       0
49.1512,       0
49.1638,       0
49.1764,       0
49.1890,       0
49.2016,       0
49.2142,       0
49.2268,       0
49.2394,       0
49.2520,       0
49.2646,       0
49.2772,       0
49.2898,       0
49.3024,       0
49.3150,       0
49.3276,       0
49.3402,       0
49.3528,       0
49.3654,       0
49.3780,       0
49.3906,       0
49.4032,       0
49.4157,       0
49.4283,       0
49.4409,       0
49.4535,       0
49.4661,       0
49.4787,       0
49.4913,       0
49.5039,       0
49.5165,       0
49.5291,       0
49.5417,       0
49.5543,       0
49.5669,       0
49.5795,       0
49.5921,       0
49.6047,       0
49.6173,       0
49.6299,       0
49.6425,       0
49.6551,       0
49.6677,       0
49.6803,       0
49.6928,       0
49.7054,       0
49.7180,       0
49.7306,       0
49.7432,       0
49.7558,       0
49.7684,       0
49.7810,       0
49.7936,       0
49.8062,       0
49.8188,       0
49.8314,       0
49.8440,       0
49.8566,       0
49.8692,       0
49.8818,       0
49.8944,       0
49.9070,       0
49.9196,       0
49.9322,       0
49.9448,       0
49.9573,       0
49.9699,       0
49.9825,       0
49.9951,       0
50.0077,       0
50.0203,       0
50.0329,       0
50.0455,       0
50.0581,       0
50.0707,       0
50.0833,       0
50.0959,       0
50.1085,       0
50.1211,       0
50.1337,       0
50.1463,       0
50.1589,       0
50.1715,       0
50.1841,       0
50.1967,       0
50.2093,       0
50.2218,       0
50.2344,       0
50.2470,       0
50.2596,       0
50.2722,       0
50.2848,       0
50.2974,       0
50.3100,       0
50.3226,       0
50.3352,       0
